 ; This file contain pc constants of interest to IDL
 impossible=   3.9084999999999999E+037
k_B=    6.6421574326462321D-25
m_H=    1.6735325181880000D-24
 lnrho0=   0.0000000000000000     
 lnTTO=  0.40546460810828949     
 cs20=   1.0000000000000000     
 cp=   1.0000000000000000     
 np_swarm=   0.0000000000000000     
 mpmat=   0.0000000000000000     
 mp_swarm=   1.5258789062500000E-007
 rhop_swarm=   2.5000000000000001E-003
