 ; This file contain pc constants of interest to IDL
 impossible=   3.9084999999999999E+037
k_B=    4.7443967428571421D-25
m_H=    1.6735325181880000D-24
 lnrho0=  -10.175401268219767     
 lnTTO=   8.9839222701687120     
 cs20=   3189.5385759999999     
 cp=   1.0000000000000000     
